1000.   250.   140.     <== Frame size DX, DY, DZ [mm]
Air  <== Frame Material
Iron <== Leaf Material
46     <== Number of leaf pairs (Nleaf)
350.  -1  140.    <== Leaf Size DX, DY,  DZ [mm] (If Dy should be <0.0).
-88.00                <== Y-Offset of first leaf [mm]
4.0  -75.  75.  <== 1st and (Nleaf+1)th leafs' DY and opening position. If Dy>0.
5.0  -75.  75.     (If Dy > 0.0, the format should be only opening positions.         
5.0 -75.  75.             
5.0 -75.  75.             
5.0 -75.  75.             
5.0 -75.  75.             
5.0 -75.  75.             
5.0 -75.  75.             
5.0 -75.  75.             
5.0 -75.  75.             
3.0 -75.  75.             
3.0 -75.  75.             
3.0 -75.  75.             
3.0 -75.  75.             
3.0 -75.  75.             
3.0 -75.  75.             
3.0 -75.  75.             
3.0 -75.  75.             
3.0 -75.  75.             
3.0 -75.  75.             
3.0 -75.  75.             
3.0 -75.  75.             
3.0 -75.  75.             
3.0 -75.  75.             
3.0 -75.  75.             
3.0 -75.  75.             
3.0 -75.  75.             
3.0 -75.  75.             
3.0 -75.  75.             
3.0 -75.  75.             
3.0 -75.  75.             
3.0 -75.  75.             
3.0 -75.  75.             
3.0 -75.  75.             
3.0 -75.  75.             
3.0 -75.  75.             
5.0 -75.  75.             
5.0 -75.  75.             
5.0 -75.  75.             
5.0 -75.  75.             
5.0 -75.  75.             
5.0 -75.  75.             
5.0 -75.  75.             
5.0 -75.  75.             
5.0 -75.  75.             
5.0 -75.  75.             
